X: -67.1953 : 26.4492
Y: -19.3008 : 74.3438
Z: -66.8391 : 19.9828

X: -60.7617 : 25.0195
Y: -21.4453 : 88.6406
Z: -67.5281 : 24.1172

X: -54.3281 : 12.8672
Y: -20.7305 : 74.3438
Z: -68.9062 : 31.6969

X: -35.0273 : 37.8867
Y: -23.5898 : 75.0586
Z: -66.8391 : 4.82344


x: -67 : 37 = -30
y: -23 : 88 =  65
z: -68 : 31 = -37


ArduMagCal:
minX: -16.51 maxX: 67.54 16-25

minY: -31.37 maxY: 55.15
minZ: -57.51 maxZ: 27.25

11/04/2015
----------
X: -2.14453 : 67.9102
Y: -29.3086 : 43.6055
Z: -73.0406 : -63.3937

X: 0.000000 : 61.4766
Y: -15.7266 : 42.1758
Z: -70.9734 : -63.3937

X: -7.14844 : 75.7734
Y: -30.7383 : 62.9062
Z: -71.6625 : 31.6969


X:  -17.1562 : 81.4922
Y:  -34.3125 : 65.0508
Z:  -70.9734 : 31.6969
dX: 1.04077
dY: 1.03328
dZ: 1
